142
143
141
45
47
49
144
146
140
145
147
46
142
143
141
47
45
47
49
45
47
49
148
154
150
156
140
46
46
151
157
142
143
141
148
154
149
155
142
143
141
47
45
47
49
45
47
49
148
154
150
156
140
46
46
46
46
152
158
140
153
159
44
83
84
71
47
49
45
47
49
45
85
70
83
84
71
47
49
45
47
49
45
86
70
44
44
46
162
163
161
41
43
39
41
43
39
164
166
160
40
40
165
167
162
163
161
41
43
39
168
170
160
169
171
42
162
163
161
43
39
172
176
173
177
162
163
161
41
43
39
172
176
174
178
160
175
179
36
87
88
71
41
43
39
41
43
39
89
70
40
38
40
38
40
38
42
180
181
182
183
53
61
59
55
51
57
184
186
185
187
180
181
182
183
63
69
67
65
192
206
194
208
195
209
4
5
6
11
10
180
181
182
183
63
69
67
65
45
192
206
194
208
44
66
195
209
4
5
6
11
10
180
181
182
183
63
69
67
65
45
41
192
206
194
208
44
66
196
210
40
62
197
211
4
5
6
11
10
180
181
182
183
63
65
192
206
193
207
180
181
182
183
63
69
67
65
45
41
51
192
206
194
208
44
66
196
210
40
62
198
212
199
213
68
200
214
201
215
205
219
180
181
182
183
63
69
67
65
45
41
51
192
206
194
208
44
66
196
210
40
62
198
212
199
213
68
202
216
203
217
205
219
90
91
71
69
65
67
63
94
97
64
55
66
59
62
53
68
61
43
42
57
95
98
75
77
70
76
78
70
96
99
52
62
58
66
54
64
56
90
91
71
61
55
59
53
57
61
55
59
53
57
61
55
59
53
57
61
55
59
53
57
92
70
93
58
52
60
58
52
60
58
52
60
58
135
54
54
137
139
135
54
137
139
58
52
60
58
52
60
58
52
60
58
135
54
54
137
139
134
58
52
60
58
52
60
58
52
60
58
135
54
54
137
139
134
135
54
137
139
134
90
91
71
61
55
59
53
57
61
55
59
53
57
69
65
67
63
100
117
66
62
92
70
93
101
118
64
102
119
103
120
111
128
58
52
60
58
52
60
135
54
137
139
104
121
105
122
134
106
123
136
107
124
111
128
135
54
137
139
104
121
105
122
134
108
125
136
109
126
111
128
112
129
114
131
64
55
66
59
62
53
68
61
43
42
57
115
132
75
77
70
76
78
70
116
133
52
62
58
66
54
64
56
90
91
71
61
55
59
53
57
61
55
59
53
57
69
65
67
63
100
117
66
62
92
70
93
101
118
64
102
119
103
120
111
128
58
52
60
58
52
60
135
54
137
139
104
121
105
122
134
106
123
136
107
124
111
128
135
54
137
139
104
121
105
122
134
108
125
136
109
126
111
128
112
129
113
130
4
5
6
11
10
